[70, 305.0]
[163.0, 224.0]
[171.0, 224.0]
[70, 224.0]
[625.0, 224.0]
[730, 395.0]
[0, 0]
[672.0, 224.0]
[656.0, 224.0]
[205.0, 224.0]
[143.0, 224.0]
[148.0, 224.0]
[131.0, 129.0]
[138.0, 224.0]
[0, 0]
[70, 249.0]
[657.0, 224.0]
[730, 124.0]
[507.0, 124.0]
[297.0, 124.0]
[730, 382.0]
[192.0, 124.0]
[0, 0]
[144.0, 224.0]
[128.0, 224.0]
[653.0, 224.0]
[661.0, 224.0]
[730, 224.0]
[635.0, 224.0]
[677.0, 224.0]
[298.0, 324.0]
[478.0, 240.0]
[131.0, 224.0]
[70, 124.0]
[70, 239.0]
[483.0, 124.0]
[730, 124.0]
[70, 395.0]
[693.0, 224.0]
[486.0, 124.0]
[661.0, 224.0]
[494.0, 124.0]
[661.0, 224.0]
[509.0, 324.0]
[329.0, 229.0]
[657.0, 224.0]
[645.0, 224.0]
[730, 252.0]
[0, 0]
[508.0, 324.0]
[697.0, 224.0]
[95.0, 395.0]
[0, 0]
[626.0, 224.0]
[730, 224.0]
[281.0, 324.0]
[381.0, 189.0]
[70, 189.0]
[256.0, 124.0]
[287.0, 124.0]
[523.0, 207.0]
[685.0, 224.0]
[730, 224.0]
[696.0, 224.0]
[656.0, 224.0]
[661.0, 224.0]
[524.0, 207.0]
[524.0, 207.0]
[477.0, 124.0]
[143.0, 224.0]
[288.0, 324.0]
[730, 209.0]
[523.0, 207.0]
[730, 224.0]
[70, 389.0]
[730, 424.0]
[70, 339.0]
[653.0, 224.0]
[661.0, 224.0]
[730, 430.0]
[115.0, 114.0]
[70, 110.0]
[70, 409.0]
[300.0, 124.0]
[147.0, 224.0]
[70, 269.0]
[730, 124.0]
[601.0, 124.0]
[720.0, 239.0]
[313.0, 224.0]
[322.0, 124.0]
[0, 0]
[451.0, 189.0]
[683.0, 224.0]
[510.0, 204.0]
[0, 0]
[318.0, 124.0]
[730, 424.0]
[95.0, 309.0]
[353.0, 289.0]
[70, 389.0]
[0, 0]
[70, 395.0]
[70, 395.0]
[70, 395.0]
[0, 0]
[70, 395.0]
[70, 395.0]
[70, 395.0]
[730, 203.0]
[730, 203.0]
[70, 424.0]
[70, 424.0]
[462.0, 241.0]
[654.0, 129.0]
[622.0, 224.0]
[236.0, 124.0]
[412.0, 495.0]
[475.0, 124.0]
[730, 270.0]
[530.0, 214.0]
[175.0, 105.0]
[501.0, 324.0]
[657.0, 224.0]
[564.0, 214.0]
[103.0, 224.0]
[300.0, 224.0]
[99.0, 229.0]
[345.0, 249.0]
[622.0, 224.0]
[342.0, 259.0]
[131.0, 224.0]
[501.0, 324.0]
[238.0, 124.0]
[70, 249.0]
[494.0, 124.0]
[699.0, 224.0]
[651.0, 224.0]
[622.0, 224.0]
[505.0, 324.0]
[730, 489.0]
[119.0, 224.0]
[167.0, 224.0]
[579.0, 210.0]
[309.0, 124.0]
[111.0, 224.0]
[730, 259.0]
[647.0, 224.0]
[129.0, 224.0]
[598.0, 124.0]
[424.0, 189.0]
[311.0, 124.0]
[120, 124.0]
[537.0, 219.0]
[490.0, 124.0]
[488.0, 124.0]
[120, 224.0]
[568.0, 124.0]
[592.0, 124.0]
[655.0, 224.0]
[144.0, 224.0]
[120.0, 119.0]
[340.0, 101.0]
[120, 289.0]
[509.0, 324.0]
[70, 0]
[244.0, 124.0]
[155.0, 224.0]
[508.0, 324.0]
[680, 249.0]
[70, 0]
[0, 0]
[680, 224.0]
[600.0, 224.0]
[70, 0]
[70, 0]
[135.0, 224.0]
[70, 0]
[141.0, 224.0]
[121.0, 224.0]
[181.0, 224.0]
[173.0, 209.0]
[199.0, 124.0]
[161.0, 107.0]
[139.0, 224.0]
[70, 0]
[313.0, 124.0]
[316.0, 124.0]
[647.0, 224.0]
[120, 299.0]
[199.0, 224.0]
[680, 124.0]
[680, 107.0]
[226.0, 110.0]
[181.0, 124.0]
[680, 124.0]
[564.0, 224.0]
[141.0, 389.0]
[680, 389.0]
[70, 0]
[154.0, 107.0]
[145.0, 110.0]
[70, 0]
[684.0, 389.0]
[521.0, 289.0]
[618.0, 124.0]
[651.0, 224.0]
[120, 124.0]
[132.0, 224.0]
[223.0, 224.0]
[181.0, 109.0]
[572.0, 124.0]
[602.0, 124.0]
[246.0, 109.0]
[120, 270.0]
[120, 270.0]
[321.0, 124.0]
[120, 299.0]
[165.0, 289.0]
[274.0, 124.0]
[120, 270.0]
[306.0, 124.0]
[521.0, 324.0]
[120, 270.0]
[283.0, 51.0]
[70, 0]
[70, 0]
[376.0, 424.0]
[120, 270.0]
[680, 270.0]
[705.0, 289.0]
[680, 382.0]
[680, 210.0]
[498.0, 109.0]
[273.0, 124.0]
[323.0, 124.0]
[250.0, 124.0]
[500.0, 309.0]
[120, 270.0]
[680, 262.0]
[120, 124.0]
[291.0, 124.0]
[225.0, 124.0]
[120, 324.0]
[722.0, 324.0]
[120, 424.0]
[250.0, 124.0]
[710.0, 324.0]
[614.0, 209.0]
[299.0, 324.0]
[120, 0]
[689.0, 133.0]
[586.0, 124.0]
[120, 0]
[181.0, 124.0]
[120, 0]
[278.0, 324.0]
[304.0, 124.0]
[498.0, 124.0]
[301.0, 124.0]
[499.0, 109.0]
[507.0, 324.0]
[283.0, 207.0]
[247.0, 132.0]
[224.0, 224.0]
[336.0, 132.0]
[336.0, 132.0]
[336.0, 132.0]
[441.0, 215.0]
[441.0, 215.0]
[441.0, 215.0]
[520.0, 124.0]
[479.0, 124.0]
[485.0, 124.0]
[640.0, 124.0]
[649.0, 124.0]
[649.0, 124.0]
[649.0, 124.0]
[603.0, 124.0]
[601.0, 224.0]
[601.0, 224.0]
[500.0, 124.0]
[301.0, 124.0]
[301.0, 124.0]
[301.0, 124.0]
[273.0, 124.0]
[273.0, 124.0]
[273.0, 124.0]
[273.0, 124.0]
[273.0, 124.0]
[273.0, 124.0]
[684.0, 399.0]
[684.0, 399.0]
[684.0, 399.0]
[684.0, 399.0]
[684.0, 399.0]
[684.0, 399.0]
[649.0, 224.0]
[649.0, 224.0]
[649.0, 224.0]
[680, 409.0]
[680, 389.0]
[728.0, 419.0]
[730.0, 395.0]
[727.0, 395.0]
[728.0, 395.0]
[358.0, 309.0]
[419.0, 207.0]
[729.0, 395.0]
[600.0, 124.0]
[647.0, 224.0]
[647.0, 224.0]
[477.0, 232.0]
[530.0, 124.0]
[365.0, 309.0]
[504.0, 309.0]
[507.0, 309.0]
[631.0, 132.0]
[729.0, 395.0]
[647.0, 224.0]
[647.0, 224.0]
[149.0, 224.0]
[680, 395.0]
[728.0, 395.0]
[393.0, 295.0]
[561.0, 205.0]
[561.0, 205.0]
[561.0, 205.0]
[527.0, 124.0]
[647.0, 124.0]
[647.0, 124.0]
[138.0, 395.0]
[268.0, 309.0]
[729.0, 395.0]
[728.0, 395.0]
[680, 395.0]
[680, 349.0]
[644.0, 224.0]
[602.0, 224.0]
[120, 124.0]
[217.0, 224.0]
[332.0, 210.0]
[500.0, 289.0]
[729.0, 395.0]
[680, 395.0]
[602.0, 224.0]
[165.0, 310.0]
[148.0, 409.0]
[165.0, 310.0]
[238.0, 224.0]
[210.0, 224.0]
[210.0, 224.0]
[301.0, 225.0]
[238.0, 224.0]
[245.0, 224.0]
[680, 310.0]
[680, 395.0]
[729.0, 395.0]
[727.0, 395.0]
[680, 424.0]
[730.0, 395.0]
[680, 305.0]
[245.0, 224.0]
[679, 419.0]
[679, 395.0]
[729.0, 419.0]
[657.0, 224.0]
[729.0, 395.0]
[679, 395.0]
[602.0, 224.0]
[602.0, 224.0]
[602.0, 224.0]
[0, 0]
[0, 0]
[0, 0]
[0, 0]
[647.0, 224.0]
[647.0, 224.0]
[623.0, 224.0]
[0, 0]
[729.0, 349.0]
[0, 0]
[0, 0]
[0, 0]
[0, 0]
[646.0, 224.0]
[730.0, 409.0]
[660.0, 395.0]
[669.0, 209.0]
[615.0, 309.0]
[522.0, 424.0]
[672.0, 224.0]
[600.0, 224.0]
[524.0, 324.0]
[643.0, 224.0]
[647.0, 224.0]
[723.0, 409.0]
[728.0, 395.0]
[453.0, 424.0]
[657.0, 395.0]
[657.0, 249.0]
[729.0, 395.0]
[657.0, 395.0]
[728.0, 395.0]
[730.0, 395.0]
[643.0, 224.0]
[647.0, 224.0]
[603.0, 224.0]
[603.0, 224.0]
[603.0, 224.0]
[731.0, 395.0]
[458.0, 424.0]
[525.0, 289.0]
[455.0, 424.0]
[657.0, 395.0]
[474.0, 424.0]
[519.0, 324.0]
[646.0, 224.0]
[601.0, 224.0]
[635.0, 629.0]
[584.0, 191.0]
[662.0, 269.0]
[668.0, 279.0]
[747.0, 409.0]
[645.0, 224.0]
[647.0, 224.0]
[648.0, 224.0]
[601.0, 224.0]
[601.0, 224.0]
[688.0, 221.0]
[645.0, 224.0]
[647.0, 224.0]
[603.0, 224.0]
[603.0, 224.0]
[603.0, 224.0]
[648.0, 224.0]
[648.0, 224.0]
[648.0, 224.0]
[602.0, 124.0]
[717.0, 179.0]
[696.0, 221.0]
[680.0, 399.0]
[645.0, 124.0]
[647.0, 224.0]
[603.0, 224.0]
[603.0, 224.0]
[603.0, 224.0]
[689.0, 389.0]
[670.0, 224.0]
[673.0, 369.0]
[646.0, 224.0]
[646.0, 224.0]
[646.0, 224.0]
[648.0, 224.0]
[648.0, 224.0]
[648.0, 224.0]
[680.0, 305.0]
[659.0, 319.0]
[774.0, 409.0]
[659.0, 279.0]
[636.0, 224.0]
[647.0, 224.0]
[367.0, 424.0]
[645.0, 224.0]
[647.0, 224.0]
[610.0, 209.0]
[659.0, 289.0]
[657.0, 395.0]
[728.0, 395.0]
[659.0, 395.0]
[521.0, 324.0]
[603.0, 224.0]
[649.0, 224.0]
[649.0, 224.0]
[730.0, 395.0]
[728.0, 395.0]
[657.0, 395.0]
[659.0, 319.0]
[729.0, 299.0]
[728.0, 189.0]
[532.0, 327.0]
[692.0, 221.0]
[647.0, 224.0]
[730.0, 339.0]
[730.0, 395.0]
[728.0, 395.0]
[662.0, 304.0]
[728.0, 395.0]
[280.0, 324.0]
[680, 224.0]
[601.0, 224.0]
[601.0, 224.0]
[659.0, 395.0]
[657.0, 395.0]
[728.0, 395.0]
[619.0, 224.0]
[626.0, 209.0]
[728.0, 395.0]
[451.0, 424.0]
[659.0, 389.0]
[729.0, 314.0]
[730.0, 395.0]
[646.0, 224.0]
[646.0, 224.0]
[597.0, 209.0]
[729.0, 339.0]
[719.0, 339.0]
[659.0, 349.0]
[601.0, 224.0]
[601.0, 224.0]
[568.0, 124.0]
[602.0, 124.0]
[601.0, 224.0]
[606.0, 307.0]
[728.0, 310.0]
[728.0, 395.0]
[730.0, 395.0]
[647.0, 224.0]
[647.0, 224.0]
[649.0, 224.0]
[649.0, 224.0]
[649.0, 224.0]
[358.0, 224.0]
[696.0, 224.0]
[530.0, 224.0]
[501.0, 124.0]
[227.0, 124.0]
[273.0, 124.0]
[273.0, 124.0]
[273.0, 124.0]
[273.0, 124.0]
[287.0, 224.0]
[621.0, 224.0]
[646.0, 224.0]
[648.0, 224.0]
[648.0, 224.0]
[648.0, 224.0]
[603.0, 124.0]
[271.0, 124.0]
[225.0, 124.0]
[654.0, 224.0]
[669.0, 209.0]
[533.0, 124.0]
[646.0, 224.0]
[600.0, 224.0]
[600.0, 224.0]
[603.0, 224.0]
[649.0, 224.0]
[649.0, 224.0]
[754.0, 409.0]
[548.0, 124.0]
[0, 0]
[0, 0]
[0, 0]
[0, 0]
[651.0, 224.0]
[0, 0]
[133.0, 416.0]
[652.0, 105.0]
[0, 0]
[661.0, 129.0]
[590.0, 519.0]
[252.0, 124.0]
[321.0, 124.0]
[277.0, 124.0]
[0, 0]
[776.0, 409.0]
[652.0, 209.0]
[459.0, 424.0]
[294.0, 124.0]
[0, 0]
[573.0, 124.0]
[0, 0]
[531.0, 329.0]
[527.0, 329.0]
[0, 0]
[716.0, 104.0]
[256.0, 124.0]
[697.0, 132.0]
[624.0, 110.0]
[759.0, 409.0]
[621.0, 314.0]
[643.0, 132.0]
[513.0, 109.0]
[0, 0]
[672.0, 132.0]
[0, 0]
[610.0, 409.0]
[555.0, 314.0]
[709.0, 379.0]
[634.0, 132.0]
[0, 0]
[689.0, 195.0]
[679.0, 209.0]
[631.0, 224.0]
[0, 0]
[680, 224.0]
[0, 0]
[194.0, 124.0]
[762.0, 419.0]
[616.0, 209.0]
[0, 0]
[650.0, 224.0]
[650.0, 224.0]
[0, 0]
[650.0, 224.0]
[650.0, 224.0]
[0, 0]
[650.0, 224.0]
[651.0, 224.0]
[650.0, 224.0]
[651.0, 224.0]
[651.0, 224.0]
[650.0, 224.0]
[0, 0]
[657.0, 224.0]
[517.0, 309.0]
[658.0, 319.0]
[611.0, 409.0]
[680, 129.0]
[505.0, 124.0]
[0, 0]
[650.0, 224.0]
[0, 0]
[650.0, 224.0]
[507.0, 124.0]
[0, 0]
[650.0, 224.0]
[650.0, 224.0]
[651.0, 224.0]
[596.0, 124.0]
[650.0, 224.0]
[669.0, 224.0]
[0, 0]
[679.0, 129.0]
[514.0, 124.0]
[219.0, 124.0]
[0, 0]
[308.0, 109.0]
[0, 0]
[0, 0]
[0, 0]
[611.0, 519.0]
[775.0, 409.0]
[658.0, 379.0]
[730.0, 379.0]
[460.0, 424.0]
[776.0, 409.0]
[460.0, 424.0]
[453.0, 424.0]
[520.0, 309.0]
[0, 0]
[136.0, 324.0]
[190.0, 324.0]
[677.0, 224.0]
[309.0, 105.0]
[692.0, 221.0]
[0, 0]
[462.0, 424.0]
[464.0, 424.0]
[491.0, 109.0]
[0, 0]
[711.0, 319.0]
[617.0, 129.0]
[227.0, 424.0]
[517.0, 109.0]
[548.0, 124.0]
[693.0, 324.0]
[678.0, 324.0]
[269.0, 424.0]
[488.0, 109.0]
[244.0, 124.0]
[265.0, 124.0]
[670.0, 224.0]
[544.0, 124.0]
[558.0, 124.0]
[158.0, 124.0]
[562.0, 124.0]
[558.0, 124.0]
[564.0, 124.0]
[464.0, 424.0]
[462.0, 424.0]
[665.0, 224.0]
[664.0, 224.0]
[469.0, 424.0]
[780.0, 419.0]
[662.0, 124.0]
[488.0, 109.0]
[508.0, 179.0]
[0, 0]
[670.0, 314.0]
[677.0, 221.0]
[617.0, 209.0]
[257.0, 124.0]
[499.0, 124.0]
[650.0, 224.0]
[510.0, 124.0]
[0, 0]
[657.0, 379.0]
[452.0, 424.0]
[682.0, 224.0]
[457.0, 424.0]
[475.0, 424.0]
[459.0, 424.0]
[678.0, 224.0]
[358.0, 224.0]
[0, 0]
[529.0, 324.0]
[576.0, 224.0]
[500.0, 124.0]
[518.0, 124.0]
[524.0, 124.0]
[0, 0]
[607.0, 224.0]
[206.0, 324.0]
[579.0, 129.0]
[613.0, 224.0]
[507.0, 124.0]
[500.0, 124.0]
[614.0, 224.0]
[522.0, 124.0]
[499.0, 124.0]
[612.0, 519.0]
[470.0, 424.0]
[499.0, 124.0]
[500.0, 124.0]
[470.0, 424.0]
[613.0, 419.0]
[0, 0]
[681.0, 324.0]
[680.0, 324.0]
[499.0, 124.0]
[504.0, 124.0]
[504.0, 124.0]
[0, 0]
[0, 0]
[691.0, 224.0]
[681.0, 324.0]
[652.0, 140.0]
[511.0, 124.0]
[518.0, 124.0]
[523.0, 124.0]
[545.0, 159.0]
[460.0, 424.0]
[276.0, 424.0]
[586.0, 209.0]
[313.0, 424.0]
[504.0, 179.0]
[0, 0]
[457.0, 424.0]
[296.0, 124.0]
[560.0, 124.0]
[0, 0]
[168.0, 119.0]
[44.0, 319.0]
[650.0, 224.0]
[0, 0]
[0, 0]
[539.0, 124.0]
[0, 0]
[223.0, 124.0]
[0, 0]
[545.0, 109.0]
[505.0, 109.0]
[0, 0]
[0, 0]
[0, 0]
[537.0, 109.0]
[0, 0]
[551.0, 124.0]
[551.0, 129.0]
[545.0, 109.0]
[0, 0]
[244.0, 124.0]
[0, 0]
[0, 0]
[551.0, 129.0]
[0, 0]
[0, 0]
[0, 0]
[220.0, 124.0]
[535.0, 109.0]
[529.0, 109.0]
[538.0, 109.0]
[0, 0]
[534.0, 124.0]
[572.0, 109.0]
[560.0, 124.0]
[543.0, 124.0]
[162.0, 129.0]
[0, 0]
[0, 0]
[161.0, 105.0]
[0, 0]
[170.0, 224.0]
[0, 0]
[0, 0]
[156.0, 125.0]
[0, 0]
[0, 0]
[156.0, 125.0]
[170.0, 224.0]
[0, 0]
[0, 0]
[537.0, 109.0]
[0, 0]
[0, 0]
[0, 0]
[729.0, 324.0]
[668.0, 421.0]
[380.0, 224.0]
[547.0, 209.0]
[535.0, 109.0]
[528.0, 124.0]
[650.0, 224.0]
[506.0, 124.0]
[0, 0]
[0, 0]
[536.0, 109.0]
[389.0, 80.0]
[0, 0]
[0, 0]
[0, 0]
[0, 0]
[531.0, 109.0]
[164.0, 224.0]
[157.0, 209.0]
[541.0, 124.0]
[545.0, 109.0]
[207.0, 124.0]
[544.0, 109.0]
[0, 0]
[0, 0]
[0, 0]
[246.0, 124.0]
[0, 0]
[0, 0]
[0, 0]
[540.0, 109.0]
[552.0, 109.0]
[0, 0]
[0, 0]
[0, 0]
[223.0, 124.0]
[749.0, 419.0]
[684.0, 324.0]
[650.0, 224.0]
[0, 0]
[0, 0]
[0, 0]
[0, 0]
[547.0, 124.0]
[635.0, 219.0]
[597.0, 209.0]
[561.0, 324.0]
[658.0, 124.0]
[659.0, 319.0]
[575.0, 524.0]
[573.0, 524.0]
[0, 0]
[582.0, 124.0]
[686.0, 324.0]
[573.0, 524.0]
[0, 0]
[350.0, 424.0]
[684.0, 324.0]
[657.0, 360.0]
[296.0, 124.0]
[260.0, 124.0]
[82.0, 324.0]
[0, 0]
[0, 0]
[574.0, 524.0]
[0, 0]
[698.0, 224.0]
[461.0, 424.0]
[470.0, 424.0]
[0, 0]
[724.0, 223.0]
[573.0, 524.0]
[0, 0]
[574.0, 524.0]
[0, 0]
[612.0, 419.0]
[643.0, 209.0]
[553.0, 129.0]
[678.0, 224.0]
[657.0, 379.0]
[226.0, 424.0]
[567.0, 124.0]
[543.0, 219.0]
[553.0, 119.0]
[0, 0]
[525.0, 119.0]
[543.0, 219.0]
[587.0, 219.0]
[692.0, 140.0]
[280.0, 124.0]
[543.0, 219.0]
[543.0, 219.0]
[543.0, 219.0]
[543.0, 219.0]
[525.0, 109.0]
[0, 0]
[0, 0]
[641.0, 324.0]
