Testing Results:
554600
499800
605600
660000
583200
44600
13300
5700
8800
8700
6400
8400
13700
4300
7100
28200
7400
8700
17300
10400
7300
19500
16500
11000
17000
18500
17900
14800
17300
12300
18700
14100
17000
16800
16600
21300
30300
33400
24300
38700
20100
17800
29900
38900
12800
19300
14600
17600
25800
18200
15900
19000
25800
8600
9400
11400
7500
14800
12100
8000
800
9800
12100
14900
14700
10200
2500
5500
4400
4900
6400
11600
8500
6000
1900
1500
1300
900
1500
2200
700
2800
1900
3300
1400
2200
2500
2100
2400
1300
3500
4200
2100
3400
2100
1800
10600
6000
15400
125500
169300
248800
117600
267500
6200
490600
20700
894600
8600
9900
6800
27500
